10 12840
32 467745
33 2874
38 1
39 1170
40 747
41 808
42 3
44 65729
46 26348
47 6
48 300
49 385
50 216
51 100
52 73
53 89
54 78
55 50
56 153
57 47
58 1398
59 1977
61 3
63 2977
65 212
66 214
67 156
68 105
69 148
70 54
71 33
72 26
73 667
74 137
75 31
76 181
77 306
78 143
79 64
80 120
81 56
82 68
83 124
84 44
85 32
86 361
87 16
88 339
90 6
91 1004
93 1004
96 7
97 5168
98 590
99 2198
100 2231
101 12379
102 703
103 602
104 889
105 4718
106 377
107 72
108 3462
109 2564
110 4872
111 4314
112 1688
113 695
114 4632
115 5329
116 4085
117 4340
118 1281
119 54
120 207
121 148
122 363
123 1
132 36
133 1842
147 36
150 14363
171 1105
176 1
184 1015
185 1
187 998
192 3474
193 2386
194 3868
195 1033
196 2728
197 829
198 235
199 440
200 1908
201 2
202 3239
203 533
204 2922
205 5861
206 3610
207 5119
208 1806
209 2132
210 1679
211 488
212 336
213 235
214 56
215 851
216 206
217 17
220 19
221 838
222 17
223 1053
224 184820
225 37595
226 102515
227 44240
228 67743
229 188525
230 24268
231 38955
232 154120
233 25777
234 74053
235 114776
236 65223
237 143092
238 261682
239 55410
240 100003
241 120418
242 133087
243 62085
244 4371
245 19546
246 8226
247 32386
248 21117
249 6794
250 986
251 44522
252 44784
253 6214
254 14103
255 49548
0 2 428 741 1